10 0.595112 0.636899 0.138942 0.304087
1 0.595112 0.539183 0.138942 0.108654 10
1 0.595112 0.751803 0.138942 0.074279 10
1 0.547356 0.654087 0.043429 0.121154 10
1 0.654728 0.654087 0.019712 0.121154 10
11 0.446955 0.629808 0.152885 0.246154
1 0.446955 0.537500 0.152885 0.061538 11
1 0.446955 0.721274 0.152885 0.063221 11
1 0.384054 0.628966 0.027083 0.121394 11
0 0.501442 0.628966 0.043910 0.121394 11
1 0.355609 0.425841 0.159936 0.226683
1 0.355609 0.329087 0.159936 0.033173 1
0 0.355609 0.498437 0.159936 0.081490 1
0 0.288862 0.401683 0.026442 0.112019 1
0 0.412580 0.401683 0.045994 0.112019 1