1 0.410497 0.409856 0.161058 0.270192
1 0.410497 0.310577 0.161058 0.071635 1
1 0.410497 0.505409 0.161058 0.079087 1
0 0.355449 0.406130 0.050962 0.119471 1
1 0.473638 0.406130 0.034776 0.119471 1
2 0.246474 0.386899 0.158013 0.208894
1 0.246474 0.303125 0.158013 0.041346 2
1 0.246474 0.462380 0.158013 0.057933 2
1 0.180929 0.378606 0.026923 0.109615 2
1 0.301362 0.378606 0.048237 0.109615 2
11 0.489583 0.662019 0.143910 0.279808
0 0.489583 0.573918 0.143910 0.103606 11
1 0.489583 0.777404 0.143910 0.049038 11
0 0.439183 0.689303 0.043109 0.127163 11
1 0.549599 0.689303 0.023878 0.127163 11
12 0.347917 0.616346 0.151282 0.255288
1 0.347917 0.530168 0.151282 0.082933 12
0 0.347917 0.717788 0.151282 0.052404 12
0 0.284375 0.631611 0.024199 0.119952 12
1 0.402404 0.631611 0.042308 0.119952 12