7 0.581571 0.660216 0.145192 0.243990
1 0.581571 0.574038 0.145192 0.071635 7
0 0.581571 0.750481 0.145192 0.063462 7
1 0.531490 0.664303 0.045032 0.108894 7
0 0.644231 0.664303 0.019872 0.108894 7
5 0.679567 0.440385 0.149840 0.211538
1 0.679567 0.352644 0.149840 0.036058 5
0 0.679567 0.509615 0.149840 0.073077 5
1 0.632131 0.421875 0.054968 0.102404 5
0 0.744231 0.421875 0.020513 0.102404 5
4 0.534455 0.415144 0.151923 0.257212
1 0.534455 0.319712 0.151923 0.066346 4
1 0.534455 0.499399 0.151923 0.088702 4
0 0.473798 0.403966 0.030609 0.102163 4
1 0.587019 0.403966 0.046795 0.102163 4