0 0.434615 0.435096 0.112500 0.186058
0 0.434615 0.366707 0.112500 0.049279 0
1 0.434615 0.494111 0.112500 0.068029 0
0 0.390705 0.425721 0.024679 0.068750 0
1 0.470913 0.425721 0.039904 0.068750 0
3 0.549279 0.430649 0.111378 0.187740
0 0.549279 0.363582 0.111378 0.053606 3
1 0.549279 0.492308 0.111378 0.064423 3
0 0.511218 0.425240 0.035256 0.069712 3
0 0.590785 0.425240 0.028365 0.069712 3
9 0.452404 0.613462 0.072756 0.183654
0 0.452404 0.546755 0.072756 0.050240 9
0 0.452404 0.678005 0.072756 0.054567 9
1 0.420753 0.611298 0.009455 0.078846 9
1 0.480929 0.611298 0.015705 0.078846 9
6 0.528205 0.610337 0.070192 0.179808
1 0.528205 0.546394 0.070192 0.051923 6
1 0.528205 0.679567 0.070192 0.041346 6
0 0.502404 0.615625 0.018590 0.086538 6
1 0.558173 0.615625 0.010256 0.086538 6