0 0.447676 0.297236 0.140224 0.212740
1 0.447676 0.207813 0.140224 0.033894 0
1 0.447676 0.356851 0.140224 0.093510 0
1 0.391506 0.267428 0.027885 0.085337 0
0 0.492228 0.267428 0.051122 0.085337 0
3 0.598638 0.295433 0.146635 0.216346
1 0.598638 0.204207 0.146635 0.033894 3
1 0.598638 0.356851 0.146635 0.093510 3
0 0.548638 0.265625 0.046635 0.088942 3
0 0.651843 0.265625 0.040224 0.088942 3
9 0.474199 0.501923 0.092308 0.234615
1 0.474199 0.414423 0.092308 0.059615 9
0 0.474199 0.581130 0.092308 0.076202 9
1 0.434776 0.493630 0.013462 0.098798 9
0 0.513221 0.493630 0.014263 0.098798 9