11 0.388301 0.578846 0.141346 0.216346
1 0.388301 0.494351 0.141346 0.047356 11
1 0.388301 0.654447 0.141346 0.065144 11
0 0.331971 0.569952 0.028686 0.103846 11
0 0.438622 0.569952 0.040705 0.103846 11
10 0.536298 0.588942 0.129968 0.258654
1 0.536298 0.519952 0.129968 0.120673 10
0 0.536298 0.686178 0.129968 0.064183 10
0 0.489423 0.617188 0.036218 0.073798 10
0 0.590385 0.617188 0.021795 0.073798 10
14 0.434696 0.359976 0.161058 0.262260
1 0.434696 0.255048 0.161058 0.052404 14
1 0.434696 0.438101 0.161058 0.106010 14
0 0.379567 0.333173 0.050801 0.103846 14
1 0.496394 0.333173 0.037660 0.103846 14