5 0.615304 0.452284 0.150160 0.198317
1 0.615304 0.367788 0.150160 0.029327 5
1 0.615304 0.524038 0.150160 0.054808 5
1 0.564022 0.439543 0.047596 0.114183 5
0 0.677163 0.439543 0.026442 0.114183 5
4 0.458013 0.451442 0.158654 0.273558
0 0.458013 0.358534 0.158654 0.087740 4
0 0.458013 0.550120 0.158654 0.076202 4
1 0.396394 0.457212 0.035417 0.109615 4
0 0.512019 0.457212 0.050641 0.109615 4
7 0.526763 0.647356 0.145833 0.250000
1 0.526763 0.565505 0.145833 0.086298 7
1 0.526763 0.747716 0.145833 0.049279 7
0 0.476683 0.665865 0.045673 0.114423 7
0 0.587660 0.665865 0.024038 0.114423 7